nest	site	Iddef	sampling	type	a	b	surface	x	y	UTM1	UTM2
10	Roksem	grootnestoverA1	NA	extra	0.85	0.96	2.56	51.173526	3.052149	5669222.881	503645.6688
R_H1	Roksem	H1_Roksem	2018	original	NA	NA	5.00	51.1737018	3.0520635	5669242.427	503639.6777
R_H2	Roksem	H2_Roksem	2018	original	1.2	1.57	5.92	51.1736102	3.0518359	5669232.229	503623.7737
R_H3	Roksem	H3_Roksem	2018	original	0.87	1.08	2.95	51.174084	3.049765	5669284.82	503478.9644
R_H4	Roksem	H4_Roksem	2018	original	1.6	1.1	5.53	51.173792	3.049455	5669252.332	503457.3148
R_A1	Roksem	N1_Roksem	2018	budded	1	1.1	3.46	51.1735532	3.0526519	5669225.931	503680.8237
R_A2	Roksem	N2_Roksem	2018	budded	1.07	1.2	4.03	51.173568	3.051863	5669227.538	503625.6716
R_A2'	Roksem	N3_Roksem	2018	budded	1.21	1.11	4.22	51.173493	3.051869	5669219.197	503626.0969
R_A2"	Roksem	N4_Roksem	2018	budded	0.65	0.68	1.39	51.173562	3.051611	5669226.858	503608.0551
R_B1	Roksem	N5_Roksem	2019	budded	0.58	0.62	1.13	51.1738408	3.0498091	5669257.776	503482.0657
R_B2	Roksem	N6_Roksem	2019	budded	0.28	0.28	0.25	51.1744123	3.0493354	5669321.31	503448.9075
R_B3	Roksem	N7_Roksem	2019	budded	0.36	0.32	0.36	51.1744127	3.0495097	5669321.362	503461.0924
R_B4	Roksem	N8_Roksem	2019	budded	NA	NA	1.47	51.1746032	3.0493803	5669342.542	503452.0321
1	Roksem	NA	NA	extra	0.65	0.65	1.33	51.174566	3.049786	5669338.424	503480.3962
2	Roksem	NA	NA	extra	0.8	0.8	2.01	51.174527	3.049809	5669334.088	503482.007
3	Roksem	NA	NA	extra	0.55	0.57	0.98	51.174097	3.050191	5669286.286	503508.7442
4	Roksem	NA	NA	extra	1.02	1	3.20	51.173954	3.050809	5669270.413	503551.9582
5	Roksem	NA	NA	extra	0.95	0.82	2.45	51.174538	3.050449	5669335.341	503526.7468
6	Roksem	NA	NA	extra	0.62	0.44	0.86	51.174437	3.050629	5669324.118	503539.3378
7	Roksem	NA	NA	extra	0.96	1	3.02	51.174401	3.051106	5669320.138	503572.6864
8	Roksem	NA	NA	extra	1.1	0.75	2.59	51.174331	3.051186	5669312.357	503578.2844
9	Roksem	NA	NA	extra	1.52	1.5	7.16	51.174295	3.051604	5669308.374	503607.5085
12	Roksem	NA	NA	extra	0.6	0.6	1.13	51.173874	3.051535	5669261.551	503602.7177
16	Roksem	nesthuismetclytra	NA	extra	0.8	1	2.51	51.174162	3.0495929	5669293.486	503466.9274
13	Roksem	nestmiddenpool	NA	extra	NA	NA	2.20	51.173751	3.0508	5669247.837	503551.3446
14	Roksem	straat	NA	extra	NA	NA	3.00	51.1734191	3.0513477	5669210.953	503589.6592
15	Roksem	vogelkijkhut	NA	extra	0.86	0.83	2.24	51.1744865	3.048474	5669329.521	503388.6839
L	West-Vleteren	H1_West-Vleteren	2018	original	1.6	1.41	7.09	50.886123	2.696334	5637304.501	478639.4267
K	West-Vleteren	H2_West-Vleteren	2018	original	1.15	1.32	4.77	50.886035	2.696172	5637294.762	478627.991
G	West-Vleteren	H3_West-Vleteren	2018	original	1.62	1.53	7.79	50.885738	2.69567	5637261.88	478592.543
E	West-Vleteren	H4_West-Vleteren	2018	original	1.66	0.95	4.95	50.885587	2.695459	5637245.15	478577.6314
N	West-Vleteren	H5_West-Vleteren	2018	original	0.72	0.83	1.88	50.885736	2.697179	5637261.221	478698.6893
Q	West-Vleteren	H6_West-Vleteren	2018	original	1.03	1.74	5.63	50.885398	2.697621	5637223.507	478729.6269
R	West-Vleteren	H7_West-Vleteren	2018	original	1.06	1.19	3.96	50.885687	2.69895	5637255.263	478823.2442
Y	West-Vleteren	H8_West-Vleteren	2018	original	1.5	0.8	3.77	50.889042	2.703954	5637626.927	479176.7356
B1	West-Vleteren	N1_West-Vleteren	2018	budded	0.54	0.6	1.02	50.885872	2.695956	5637276.698	478612.7224
B2	West-Vleteren	N2_West-Vleteren	2018	budded	0.53	0.38	0.63	50.886616	2.694459	5637359.868	478507.7619
B3	West-Vleteren	N3_West-Vleteren	2018	budded	NA	NA	1.40	50.885939	2.696895	5637283.878	478678.8046
B4	West-Vleteren	N4_West-Vleteren	2018	budded	NA	NA	1.50	50.88575	2.699188	5637262.201	478840.0143
B5	West-Vleteren	N5_West-Vleteren	2019	budded	0.85	0.85	2.27	50.885452	2.695352	5637230.168	478570.0428
B6	West-Vleteren	N6_West-Vleteren	2019	budded	0.94	0.98	2.89	50.886578	2.694526	5637355.623	478512.4573
B7	West-Vleteren	N7_West-Vleteren	2019	budded	0.65	0.71	1.45	50.886413	2.69482	5637337.189	478533.0619
A	West-Vleteren	NA	NA	extra	1.5	1.3	6.13	50.885348	2.695058	5637218.688	478549.3141
B	West-Vleteren	NA	NA	extra	1.32	1.34	5.56	50.885362	2.695085	5637220.237	478551.2198
C	West-Vleteren	NA	NA	extra	1.48	1.36	6.32	50.885532	2.69539	5637239.053	478572.7525
D	West-Vleteren	NA	NA	extra	1.04	1.25	4.08	50.885577	2.695452	5637244.04	478577.1344
F	West-Vleteren	NA	NA	extra	0.98	0.93	2.86	50.88565	2.695539	5637252.132	478583.2877
H	West-Vleteren	NA	NA	extra	0.95	1	2.98	50.885787	2.695772	5637267.299	478599.7404
I	West-Vleteren	NA	NA	extra	2.21	1.4	9.72	50.885808	2.695809	5637269.624	478602.3527
J	West-Vleteren	NA	NA	extra	1.5	1.43	6.74	50.885836	2.695858	5637272.724	478605.8123
M	West-Vleteren	NA	NA	extra	1.25	1.06	4.16	50.886173	2.696339	5637310.06	478639.8012
O	West-Vleteren	NA	NA	extra	1.52	0.85	4.06	50.885546	2.697422	5637240.023	478715.696
P	West-Vleteren	NA	NA	extra	1.44	0.78	3.53	50.885407	2.697588	5637224.518	478727.3097
S	West-Vleteren	NA	NA	extra	1.25	1.18	4.63	50.885756	2.699145	5637262.88	478836.9923
T	West-Vleteren	NA	NA	extra	0.9	0.6	1.70	50.890672	2.702613	5637808.567	479083.1426
U	West-Vleteren	NA	NA	extra	NA	NA	4.65	50.890865	2.702381	5637830.095	479066.9113
V	West-Vleteren	NA	NA	extra	1.11	1	3.49	50.891056	2.702182	5637851.391	479053.0003
W	West-Vleteren	NA	NA	extra	0.42	0.56	0.74	50.891428	2.701758	5637892.879	479023.3454
X	West-Vleteren	NA	NA	extra	1.03	1.05	3.40	50.891596	2.701623	5637911.6	479013.9258
Z	West-Vleteren	NA	NA	extra	NA	NA	6.00	50.885381	2.695184	5637222.322	478558.1925
